20 20
1 3 2 2 1 7 0 4 0 4 3 0 8 0 8 2 4 4 4 1
0 0 0 0 2 0 0 0 7 0 3 8 0 8 1 0 0 4 1 0
2 0 0 4 0 7 0 1 0 0 1 8 0 2 0 4 0 3 3 0
0 4 1 2 2 1 2 0 0 1 0 2 3 1 0 4 4 2 0 4
0 2 0 1 0 3 0 1 3 3 0 0 0 2 0 0 8 0 3 3
0 5 0 0 5 0 0 3 0 4 4 4 4 1 8 0 8 8 1 0
0 3 2 0 1 2 3 3 0 1 0 1 0 3 0 5 0 0 2 1
2 2 0 0 0 3 0 0 1 3 0 0 3 0 0 1 8 5 7 0
6 0 0 0 2 0 0 4 0 4 1 0 1 5 3 0 0 0 0 0
0 3 1 2 3 3 1 0 3 0 0 1 0 2 0 2 0 5 5 0
0 6 4 0 1 0 2 0 4 0 0 4 0 1 5 1 3 3 3 0
0 0 0 0 0 5 5 1 0 2 4 0 5 0 0 4 0 0 0 7
0 6 1 2 2 0 0 5 0 0 2 2 0 0 4 0 0 0 2 4
4 2 0 0 3 0 5 0 6 0 5 0 7 7 1 3 0 1 4 0
0 4 1 2 0 3 1 6 1 5 5 0 2 0 0 2 0 0 2 0
1 3 0 3 0 0 2 0 0 0 2 1 4 0 1 0 4 0 1 0
3 0 4 4 4 0 3 1 6 0 6 0 0 4 4 7 3 3 2 0
0 12 1 0 4 0 2 0 1 6 0 0 2 0 7 0 7 0 0 3
0 12 12 0 0 12 1 0 3 3 0 2 0 0 0 7 0 0 0 0
1 12 12 12 12 2 0 1 0 2 1 0 3 0 3 1 2 4 4 2