14 24
0 0 0 2 0 0 0 5 0 3 6 5 4 4 4 0 0 0 6 0 0 0 4 0
0 1 0 5 0 3 0 5 0 0 0 0 0 0 0 0 2 0 1 0 3 0 4 0
0 3 0 5 0 5 0 5 0 0 0 0 0 0 0 0 4 0 7 0 3 0 3 0
0 2 0 2 0 1 0 2 0 1 3 5 1 2 2 0 4 0 3 0 3 0 3 0
0 6 0 6 0 6 0 6 0 0 0 0 0 0 0 0 3 0 2 0 6 0 3 0
0 8 0 3 0 10 0 1 0 7 6 5 6 6 6 0 2 0 2 0 5 0 2 0
0 10 0 0 0 10 0 0 0 0 0 0 0 0 0 0 1 0 0 0 1 0 0 0
0 0 0 10 0 0 0 3 0 0 0 0 0 0 0 0 0 0 4 0 0 0 2 0
0 5 0 5 0 1 0 7 0 2 2 3 2 2 4 0 2 0 6 0 6 0 3 0
0 4 0 5 0 2 0 1 0 0 0 0 0 0 0 0 6 0 6 0 6 0 4 0
0 3 0 1 0 2 0 7 0 1 7 3 3 11 3 0 5 0 1 0 1 0 4 0
0 1 0 4 0 3 0 7 0 0 0 0 0 0 0 0 4 0 5 0 5 0 3 0
0 4 0 4 0 3 0 1 0 0 0 0 0 0 0 0 4 0 4 0 3 0 1 0
0 1 0 0 0 1 0 0 0 4 5 5 1 5 4 0 4 0 0 0 2 0 0 0