20 36
0 0 0 0 0 5 5 0 0 0 0 0 0 5 7 0 0 0 0 0 0 9 9 0 0 0 0 0 0 4 2 0 0 0 0 0
0 0 0 0 0 5 6 0 0 0 0 0 0 7 7 0 0 0 0 0 0 4 6 0 0 0 0 0 0 5 6 0 0 0 0 0
0 3 10 0 0 3 6 0 0 1 2 0 0 2 3 0 0 9 9 0 0 3 2 0 0 2 11 0 0 4 1 0 0 3 6 0
0 10 5 0 0 0 0 0 0 5 1 0 0 0 0 0 0 1 9 0 0 0 0 0 0 6 11 0 0 0 0 0 0 1 6 0
0 2 5 0 0 0 0 0 0 5 6 0 0 0 0 0 0 5 5 0 0 0 0 0 0 6 11 0 0 0 0 0 0 3 7 0
0 1 2 0 0 5 3 0 0 3 8 0 0 2 1 0 0 5 3 0 0 3 11 0 0 2 2 0 0 2 4 0 0 4 4 0
0 0 0 0 0 7 7 0 0 0 0 0 0 3 5 0 0 0 0 0 0 6 11 0 0 0 0 0 0 3 3 0 0 0 0 0
0 0 0 0 0 7 7 0 0 0 0 0 0 4 5 0 0 0 0 0 0 1 2 0 0 0 0 0 0 1 4 0 0 0 0 0
0 6 2 0 0 2 3 0 0 3 2 0 0 2 3 0 0 2 3 0 0 2 1 0 0 1 9 0 0 2 6 0 0 5 2 0
0 5 5 0 0 0 0 0 0 4 4 0 0 0 0 0 0 1 9 0 0 0 0 0 0 4 5 0 0 0 0 0 0 2 7 0
0 4 4 0 0 0 0 0 0 4 4 0 0 0 0 0 0 6 9 0 0 0 0 0 0 1 3 0 0 0 0 0 0 2 4 0
0 1 2 0 0 2 5 0 0 3 8 0 0 1 3 0 0 6 2 0 0 2 3 0 0 4 2 0 0 12 3 0 0 5 4 0
0 0 0 0 0 3 1 0 0 0 0 0 0 2 2 0 0 0 0 0 0 5 3 0 0 0 0 0 0 3 3 0 0 0 0 0
0 0 0 0 0 5 5 0 0 0 0 0 0 4 6 0 0 0 0 0 0 5 5 0 0 0 0 0 0 4 4 0 0 0 0 0
0 3 2 0 0 2 4 0 0 4 2 0 0 2 1 0 0 2 5 0 0 11 3 0 0 3 2 0 0 2 4 0 0 12 4 0
0 9 9 0 0 0 0 0 0 4 4 0 0 0 0 0 0 4 5 0 0 0 0 0 0 3 3 0 0 0 0 0 0 4 12 0
0 3 5 0 0 0 0 0 0 4 8 0 0 0 0 0 0 2 2 0 0 0 0 0 0 12 12 0 0 0 0 0 0 1 5 0
0 3 3 0 0 2 3 0 0 3 8 0 0 3 2 0 0 4 3 0 0 11 11 0 0 4 1 0 0 2 3 0 0 4 1 0
0 0 0 0 0 6 10 0 0 0 0 0 0 3 5 0 0 0 0 0 0 2 2 0 0 0 0 0 0 2 4 0 0 0 0 0
0 0 0 0 0 10 4 0 0 0 0 0 0 3 6 0 0 0 0 0 0 1 11 0 0 0 0 0 0 3 3 0 0 0 0 0