20 36
0 0 0 0 0 0 0 0 0 0 0 0 0 0 0 0 0 0 0 0 0 0 0 0 0 0 0 0 0 0 0 0 0 0 0 0
0 5 1 2 5 2 2 7 7 4 4 0 0 4 3 3 1 4 4 3 5 5 69 0 0 2 3 69 69 4 4 4 69 2 4 0
0 8 0 0 0 0 0 0 0 0 69 0 0 5 0 0 0 0 0 0 0 0 69 0 0 69 0 0 0 0 0 0 0 0 2 0
0 1 3 4 5 5 6 6 3 2 69 0 0 4 1 3 6 6 6 4 1 69 2 0 0 2 3 69 69 1 6 6 6 69 1 0
0 0 0 0 0 0 0 0 0 0 0 0 0 0 0 0 0 0 0 0 0 0 0 0 0 0 0 0 0 0 0 0 0 0 0 0
0 8 3 4 5 0 0 7 7 7 0 1 3 6 0 0 3 5 5 4 0 0 69 69 69 0 2 3 2 0 0 7 7 7 7 0
8 0 6 0 0 1 0 7 0 7 0 69 0 6 0 4 0 4 0 0 4 0 4 0 1 0 2 0 69 0 69 0 4 0 0 1
4 0 4 0 0 5 0 7 0 2 0 69 0 4 0 4 0 5 0 0 3 0 4 0 69 0 3 0 2 0 69 0 4 0 0 5
2 0 0 4 2 0 0 3 0 2 0 2 0 4 0 3 0 0 3 3 0 0 4 0 69 0 3 0 1 0 69 0 0 4 4 0
0 0 0 0 0 0 0 7 0 3 0 2 0 4 0 0 0 0 0 0 0 0 3 0 1 0 3 0 7 0 0 0 0 0 0 0
0 0 0 0 0 0 0 7 0 69 0 1 0 6 0 0 0 0 0 0 0 0 3 0 2 0 7 0 7 0 0 0 0 0 0 0
0 6 6 0 0 2 0 7 0 4 0 69 0 3 0 0 6 6 0 0 6 0 3 0 2 0 7 0 1 0 0 5 4 0 0 5
3 0 0 3 0 4 0 7 0 1 0 69 0 69 0 3 0 0 7 0 5 0 5 0 4 0 7 0 69 0 3 0 0 4 0 5
3 0 0 5 0 5 0 69 0 2 0 69 0 69 0 2 0 0 2 0 2 0 4 0 3 0 4 0 69 0 1 0 0 4 0 2
0 1 6 6 4 0 0 1 69 2 0 3 3 3 0 0 4 4 4 5 0 0 1 4 3 0 69 69 1 0 0 2 3 6 10 0
0 0 0 0 0 0 0 0 0 0 0 0 0 0 0 0 0 0 0 0 0 0 0 0 0 0 0 0 0 0 0 0 0 0 0 0
0 1 5 5 2 5 3 3 3 1 2 0 0 1 4 8 8 8 8 8 69 69 1 0 0 69 69 2 2 4 4 2 4 1 5 0
0 2 0 0 0 0 0 0 0 0 4 0 0 3 0 0 0 0 0 0 0 0 3 0 0 6 0 0 0 0 0 0 0 0 5 0
0 7 7 5 7 5 6 6 6 1 4 0 0 3 5 6 6 8 8 1 4 4 2 0 0 2 4 4 6 6 6 69 2 1 5 0
0 0 0 0 0 0 0 0 0 0 0 0 0 0 0 0 0 0 0 0 0 0 0 0 0 0 0 0 0 0 0 0 0 0 0 0