14 24
7 12 4 0 0 4 0 0 3 6 0 0 0 0 7 5 0 0 5 0 0 3 6 2
0 0 2 0 0 4 10 0 0 6 6 0 0 5 5 0 0 5 6 0 0 3 0 0
0 0 0 0 0 1 0 0 0 0 0 0 0 0 0 0 0 0 10 0 0 0 0 0
0 0 0 3 0 0 0 1 4 3 0 0 0 0 6 5 10 0 0 0 6 0 0 0
0 0 0 3 5 0 0 0 0 3 0 10 7 0 6 0 0 0 0 10 5 0 0 0
0 0 0 0 5 0 5 0 0 0 0 1 5 0 0 0 0 10 0 10 0 0 0 0
7 3 0 0 0 0 5 0 0 0 0 0 0 0 0 0 0 10 0 0 0 0 3 7
7 4 0 0 0 0 7 0 0 0 0 0 0 0 0 0 0 5 0 0 0 0 1 5
0 0 0 0 3 0 7 0 0 0 0 1 5 0 0 0 0 5 0 1 0 0 0 0
0 0 0 4 5 0 0 0 0 2 0 5 5 0 7 0 0 0 0 5 3 0 0 0
0 0 0 7 0 0 0 7 7 2 0 0 0 0 3 3 7 0 0 0 3 0 0 0
0 0 0 0 0 5 0 0 0 0 0 0 0 0 0 0 0 0 7 0 0 0 0 0
0 0 1 0 0 4 6 0 0 7 1 0 0 1 6 0 0 4 7 0 0 3 0 0
4 4 7 0 0 6 0 0 7 7 0 0 0 0 6 6 0 0 2 0 0 3 5 5