14 24
0 8 0 0 0 0 0 0 0 0 8 0 0 4 0 0 0 0 0 0 0 0 2 0
2 0 0 0 8 2 2 4 0 0 0 5 5 0 0 0 2 3 5 5 0 0 0 2
0 0 5 5 0 0 0 0 6 6 0 0 0 0 5 1 0 0 0 0 4 1 0 0
0 1 0 0 0 0 0 0 0 0 6 0 0 5 0 0 0 0 0 0 0 0 3 0
0 3 0 0 4 4 5 5 0 0 7 0 0 4 0 0 4 5 5 5 0 0 1 0
2 0 0 2 0 0 0 0 6 0 0 7 4 0 0 1 0 0 0 0 2 0 0 1
3 0 0 4 0 0 0 0 4 0 0 3 7 0 0 3 0 0 0 0 3 0 0 8
6 0 0 3 0 0 0 0 2 0 0 2 7 0 0 2 0 0 0 0 3 0 0 3
3 0 0 1 0 0 0 0 1 0 0 7 7 0 0 3 0 0 0 0 5 0 0 3
0 2 0 0 3 2 4 1 0 0 3 0 0 2 0 0 4 6 4 7 0 0 3 0
0 1 0 0 0 0 0 0 0 0 1 0 0 4 0 0 0 0 0 0 0 0 6 0
0 0 6 4 0 0 0 0 6 1 0 0 0 0 3 3 0 0 0 0 2 1 0 0
5 0 0 0 1 6 3 3 0 0 0 2 6 0 0 0 3 7 1 2 0 0 0 4
0 6 0 0 0 0 0 0 0 0 2 0 0 7 0 0 0 0 0 0 0 0 3 0