20 36
0 0 0 0 0 0 0 0 0 0 0 2 5 0 0 0 4 2 1 3 0 0 0 1 11 0 0 0 0 0 0 0 0 0 0 0
0 2 6 7 7 2 0 0 11 2 0 0 0 0 2 4 0 0 0 0 2 2 0 0 0 0 3 2 0 0 3 11 1 11 11 0
0 0 0 0 0 0 0 2 0 0 3 0 0 2 0 0 0 0 0 0 0 0 1 0 0 3 0 0 11 0 0 0 0 0 0 0
0 1 6 6 4 2 0 5 0 0 2 0 0 5 0 0 0 2 1 0 0 0 3 0 0 1 0 0 2 0 3 11 3 4 7 0
0 0 0 0 0 0 0 5 0 0 1 0 1 0 0 0 0 1 3 0 4 4 0 3 0 3 0 0 1 0 0 0 0 0 0 0
0 0 0 0 0 0 0 1 0 0 3 0 3 0 11 11 0 0 0 0 6 4 0 2 0 2 0 0 2 0 0 0 0 0 0 0
0 2 5 11 3 11 0 5 0 0 4 0 4 0 4 11 0 3 6 0 0 0 0 1 0 5 0 0 3 0 2 5 5 2 4 0
0 0 0 0 0 0 0 11 0 0 5 0 5 0 0 0 0 1 2 0 5 5 0 2 0 5 0 0 4 0 0 0 0 0 0 0
0 2 3 3 5 5 0 3 0 0 2 0 1 0 1 6 0 0 0 0 5 1 0 6 0 3 0 0 2 0 3 2 6 2 8 0
0 0 0 0 0 0 0 11 0 0 5 0 5 0 6 6 0 3 4 0 0 0 0 6 0 1 0 0 5 0 0 0 0 0 0 0
0 0 0 0 0 0 0 11 0 0 5 0 3 0 0 0 0 2 4 0 3 4 0 4 0 5 0 0 5 0 0 0 0 0 0 0
0 2 11 8 8 11 0 4 0 0 3 0 4 0 11 11 0 0 0 0 4 4 0 4 0 3 0 0 4 0 1 2 1 11 2 0
0 0 0 0 0 0 0 2 0 0 3 0 4 0 4 11 0 2 3 0 0 0 0 1 0 3 0 0 1 0 0 0 0 0 0 0
0 2 4 11 2 2 0 4 0 0 2 0 4 0 0 0 0 3 4 0 2 11 0 2 0 3 0 0 2 0 3 4 2 11 1 0
0 0 0 0 0 0 0 5 0 0 1 0 1 0 6 6 0 0 0 0 2 11 0 11 0 1 0 0 4 0 0 0 0 0 0 0
0 0 0 0 0 0 0 5 0 0 3 0 3 0 3 7 0 11 3 0 0 0 0 1 0 11 0 0 6 0 0 0 0 0 0 0
0 2 7 4 11 1 0 2 0 0 2 0 0 3 0 0 0 3 6 0 0 0 11 0 0 3 0 0 1 0 3 6 2 11 2 0
0 0 0 0 0 0 0 3 0 0 5 0 0 7 0 0 0 0 0 0 0 0 1 0 0 3 0 0 6 0 0 0 0 0 0 0
0 3 3 6 6 2 0 0 3 3 0 0 0 0 3 7 0 0 0 0 6 2 0 0 0 0 1 6 0 0 2 4 3 2 4 0
0 0 0 0 0 0 0 0 0 0 0 1 7 0 0 0 7 11 11 6 0 0 0 3 3 0 0 0 0 0 0 0 0 0 0 0