17 17
0 0 0 4 1 5 0 5 2 2 0 3 4 2 0 0 0
0 0 0 3 5 2 0 7 7 3 0 3 4 1 0 0 0
0 0 0 0 0 0 0 0 0 0 0 0 0 0 0 0 0
0 9 9 1 0 3 3 2 0 1 6 6 0 2 6 3 0
0 3 1 4 0 5 5 3 0 6 6 3 0 4 6 4 0
0 3 2 4 0 1 4 3 0 6 5 3 0 3 6 2 0
0 0 0 0 0 0 0 0 0 0 0 0 0 0 0 0 0
9 1 0 0 0 1 4 0 0 0 5 1 0 0 0 1 4
9 9 0 0 0 2 2 0 1 0 5 5 0 0 0 5 5
4 4 0 0 0 1 3 0 0 0 1 3 0 0 0 1 5
0 0 0 0 0 0 0 0 0 0 0 0 0 0 0 0 0
0 2 3 1 0 2 3 5 0 2 2 4 0 2 3 1 0
0 6 1 4 0 5 5 5 0 6 6 6 0 6 6 6 0
0 6 5 3 0 3 6 6 0 3 3 5 0 7 7 7 0
0 0 0 0 0 0 0 0 0 0 0 0 0 0 0 0 0
0 0 0 5 5 1 0 4 6 1 0 4 6 2 0 0 0
0 0 0 5 1 4 0 4 6 6 0 6 6 1 0 0 0