14 24
0 0 0 0 0 0 0 0 0 0 0 0 0 0 0 0 0 0 0 0 0 0 0 0
0 1 7 2 50 7 5 1 5 4 4 50 1 3 6 6 5 5 0 0 5 5 4 0
0 6 0 0 0 0 0 0 0 0 0 0 0 0 0 0 0 3 0 0 3 0 6 0
0 2 0 2 0 0 7 7 4 3 4 1 50 6 1 5 7 4 0 0 7 0 6 0
0 3 0 3 0 0 3 0 0 0 0 0 0 0 0 0 0 0 0 0 7 0 4 0
0 4 0 3 0 0 8 0 0 3 50 5 1 5 5 1 3 2 0 0 2 0 1 0
0 6 0 4 0 0 7 0 0 1 0 0 0 0 3 0 0 2 0 0 2 0 6 0
0 2 0 8 0 0 5 0 0 6 0 0 0 0 3 0 0 1 0 0 3 0 6 0
0 2 0 1 0 0 1 6 6 5 5 50 2 4 1 0 0 3 0 0 2 0 6 0
0 6 0 6 0 0 0 0 0 0 0 0 0 0 0 0 0 1 0 0 4 0 1 0
0 4 0 4 0 0 2 1 5 50 50 4 4 1 6 6 4 2 0 0 4 0 2 0
0 3 0 4 0 0 6 0 0 0 0 0 0 0 0 0 0 0 0 0 0 0 4 0
0 2 1 2 0 0 2 50 1 3 3 4 6 6 3 3 2 2 3 3 2 11 50 0
0 0 0 0 0 0 0 0 0 0 0 0 0 0 0 0 0 0 0 0 0 0 0 0