20 36
0 0 0 128 1 0 0 4 8 8 8 0 0 0 0 0 4 4 2 2 0 0 0 0 0 1 2 4 8 0 0 8 4 0 0 0
0 0 0 1 4 0 0 0 0 0 0 0 0 0 0 0 0 0 0 0 0 0 0 0 0 0 0 0 0 0 0 2 4 0 0 0
0 8 0 0 0 0 0 0 0 0 1 4 1 4 4 1 8 8 1 8 128 1 8 4 8 4 0 0 0 0 0 0 0 0 4 0
0 4 0 0 0 0 4 4 0 0 0 0 0 0 0 0 0 0 0 0 0 0 0 0 0 0 0 0 4 2 0 0 0 0 8 0
0 1 0 0 0 0 2 1 0 0 4 0 0 0 0 0 2 1 16 2 0 0 0 0 0 1 0 0 2 4 0 0 0 0 1 0
0 2 0 1 0 0 1 2 0 0 0 0 0 0 0 0 0 0 0 0 0 0 0 0 0 0 0 0 4 8 0 0 1 0 4 0
0 4 0 2 0 0 2 1 0 0 0 4 2 4 2 0 2 4 4 4 0 4 4 4 1 0 0 0 2 1 0 0 2 0 2 0
0 2 0 4 0 0 0 0 0 0 0 2 1 2 1 0 0 0 0 0 0 4 2 1 4 0 0 0 0 0 0 0 8 0 8 0
0 2 0 4 0 0 0 0 0 0 0 0 0 0 0 0 0 128 128 0 0 0 0 0 0 0 0 0 0 0 0 0 2 0 2 0
0 4 0 0 0 4 2 8 1 0 0 0 16 16 0 0 0 128 128 0 0 0 16 1 0 0 0 2 4 8 2 0 0 0 4 0
0 2 0 0 0 1 4 2 8 0 0 0 4 2 0 0 0 128 128 0 0 0 16 2 0 0 0 4 1 2 128 0 0 0 1 0
0 8 0 1 0 0 0 0 0 0 0 0 0 0 0 0 0 128 128 0 0 0 0 0 0 0 0 0 0 0 0 0 1 0 4 0
0 1 0 2 0 0 0 0 0 0 0 8 2 8 8 0 0 0 0 0 0 1 2 1 4 0 0 0 0 0 0 0 2 0 2 0
0 4 0 1 0 0 8 8 0 0 0 1 2 4 8 0 4 1 128 1 0 2 128 4 8 0 0 0 8 8 0 0 1 0 8 0
0 1 0 4 0 0 4 2 0 0 0 0 0 0 0 0 0 0 0 0 0 0 0 0 0 0 0 0 8 8 0 0 8 0 2 0
0 2 0 0 0 0 8 2 0 0 1 0 0 0 0 0 2 4 4 2 0 0 0 0 0 1 0 0 8 1 0 0 0 0 1 0
0 1 0 0 0 0 2 4 0 0 0 0 0 0 0 0 0 0 0 0 0 0 0 0 0 0 0 0 1 2 0 0 0 0 2 0
0 4 0 0 0 0 0 0 0 0 2 8 2 4 1 2 4 1 2 4 4 4 1 4 2 8 0 0 0 0 0 0 0 0 1 0
0 0 0 4 1 0 0 0 0 0 0 0 0 0 0 0 0 0 0 0 0 0 0 0 0 0 0 0 0 0 0 2 1 0 0 0
0 0 0 8 4 0 0 4 2 1 4 0 0 0 0 0 128 1 8 4 0 0 0 0 0 4 2 4 4 0 0 4 8 0 0 0