17 17
0 0 0 0 0 0 0 0 0 0 0 0 0 0 0 0 0
0 0 0 0 0 0 0 0 0 0 0 0 0 0 0 0 0
0 7 4 7 0 7 5 5 0 5 5 2 0 2 8 2 0
0 0 0 6 0 2 0 2 0 5 0 6 0 10 0 8 0
0 5 5 1 0 4 0 3 0 3 0 3 0 3 10 1 0
0 6 0 0 0 2 0 2 0 6 0 4 0 0 0 8 0
0 2 4 3 0 5 4 3 0 1 2 4 0 3 2 5 0
0 0 0 0 0 0 0 0 0 0 0 0 0 0 0 0 0
0 0 0 0 0 0 0 0 0 0 0 0 0 0 0 0 0
0 0 0 0 0 0 0 0 0 0 0 0 0 0 0 0 0
0 6 4 2 0 3 5 3 0 4 2 5 0 10 4 3 0
0 10 0 0 0 10 0 10 0 10 0 5 0 0 0 3 0
0 6 6 3 0 3 0 2 0 4 0 5 0 8 2 5 0
0 10 0 10 0 10 0 2 0 4 0 10 0 8 0 0 0
0 2 3 6 0 2 6 4 0 1 3 3 0 5 2 5 0
0 0 0 0 0 0 0 0 0 0 0 0 0 0 0 0 0
0 0 0 0 0 0 0 0 0 0 0 0 0 0 0 0 0