14 24
0 6 0 0 6 0 0 0 0 8 8 5 5 5 17 0 0 0 0 17 0 0 2 0
8 6 4 4 7 17 0 8 0 0 0 0 0 0 0 0 1 0 3 17 1 7 7 2
0 8 0 0 7 0 17 17 3 3 5 5 17 3 17 1 17 3 0 3 0 0 7 0
0 4 0 0 7 0 0 3 0 0 0 0 0 0 0 0 17 0 0 17 0 0 1 0
8 4 1 4 7 3 0 3 0 0 0 0 0 0 0 0 11 0 3 5 5 7 7 6
0 4 0 0 7 0 0 17 0 0 0 0 0 0 0 0 11 0 0 5 0 0 1 0
0 0 0 0 0 0 0 11 0 0 0 0 0 0 0 0 17 0 0 0 0 0 0 0
0 0 0 0 0 0 0 1 0 0 0 0 0 0 0 0 17 0 0 0 0 0 0 0
0 4 0 0 2 0 0 11 0 0 0 0 0 0 0 0 2 0 0 5 0 0 4 0
1 4 2 2 4 4 0 11 0 0 0 0 0 0 0 0 2 0 4 5 6 1 4 1
0 8 0 0 8 0 0 6 0 0 0 0 0 0 0 0 17 0 0 5 0 0 1 0
0 8 0 0 8 0 7 6 6 11 17 3 17 17 4 4 17 17 0 6 0 0 6 0
1 2 2 1 7 7 0 4 0 0 0 0 0 0 0 0 1 0 7 7 1 6 6 1
0 5 0 0 5 0 0 0 0 5 17 3 6 6 7 0 0 0 0 1 0 0 6 0