17 17
0 0 0 0 0 0 5 0 0 0 2 0 0 0 0 0 0
0 0 0 0 0 0 1 0 5 0 3 0 0 0 0 0 0
0 0 7 3 7 2 7 0 5 0 7 7 2 6 5 0 0
0 0 3 0 0 0 0 0 3 0 0 0 0 0 7 0 0
0 0 7 0 7 1 7 2 1 6 3 1 7 0 5 0 0
0 0 3 0 6 0 0 0 0 0 0 0 3 0 5 0 0
3 3 1 0 3 0 0 0 0 0 0 0 2 0 4 6 6
0 0 0 0 2 0 0 0 0 0 0 0 4 0 0 0 0
0 5 4 4 4 0 0 0 1 0 0 0 4 7 1 7 0
0 0 0 0 5 0 0 0 0 0 0 0 7 0 0 0 0
2 5 4 0 7 0 0 0 0 0 0 0 1 0 1 4 7
0 0 6 0 3 0 0 0 0 0 0 0 2 0 4 0 0
0 0 1 0 1 2 5 7 7 6 7 7 1 0 1 0 0
0 0 2 0 0 0 0 0 1 0 0 0 0 0 7 0 0
0 0 6 6 3 6 5 0 5 0 1 4 4 3 4 0 0
0 0 0 0 0 0 6 0 1 0 4 0 0 0 0 0 0
0 0 0 0 0 0 2 0 0 0 3 0 0 0 0 0 0