20 36
30 0 0 0 30 0 7 0 0 5 5 2 1 3 0 0 0 0 0 0 0 0 6 4 3 4 2 0 0 1 0 1 0 0 0 30
0 0 0 0 3 0 7 0 0 5 0 0 0 0 0 0 4 0 0 4 0 0 0 0 0 0 4 0 0 3 0 2 0 0 0 0
0 6 1 0 0 0 3 0 0 0 0 0 0 0 0 0 1 0 0 1 0 0 0 0 0 0 0 0 0 3 0 0 0 1 2 0
0 2 0 0 0 0 0 0 0 3 2 0 0 3 5 0 0 4 1 0 0 5 1 0 0 8 6 0 0 0 0 0 0 0 1 0
0 2 0 0 0 4 30 7 0 0 1 0 0 0 0 0 0 0 0 0 0 0 0 0 0 1 0 0 3 5 4 0 0 0 3 0
5 3 0 0 2 1 3 0 0 0 7 0 0 0 0 5 1 4 1 5 7 0 0 0 0 2 0 0 0 6 5 30 0 0 4 3
30 0 0 0 0 0 0 0 0 30 4 7 0 0 5 0 0 0 0 0 0 7 0 0 7 4 4 0 0 0 0 0 0 0 0 2
0 0 0 0 0 0 0 0 0 6 0 0 0 0 7 0 0 0 0 0 0 3 0 0 0 0 4 0 0 0 0 0 0 0 0 0
0 0 0 0 0 0 0 1 0 0 0 0 0 0 7 2 0 0 0 0 7 2 0 0 0 0 0 0 7 0 0 0 0 0 0 0
4 0 0 0 0 7 0 30 0 0 0 0 4 2 0 0 0 0 0 0 0 0 6 8 0 0 0 0 7 0 5 0 0 0 0 1
3 0 0 0 0 1 0 3 0 0 0 0 7 6 0 0 0 0 0 0 0 0 2 1 0 0 0 0 6 0 5 0 0 0 0 30
0 0 0 0 0 0 0 2 0 0 0 0 0 0 7 3 0 0 0 0 4 3 0 0 0 0 0 0 1 0 0 0 0 0 0 0
0 0 0 0 0 0 0 0 0 1 0 0 0 0 7 0 0 0 0 0 0 3 0 0 0 0 1 0 0 0 0 0 0 0 0 0
3 0 0 0 0 0 0 0 0 4 30 1 0 0 3 0 0 0 0 0 0 4 0 0 5 30 30 0 0 0 0 0 0 0 0 8
30 7 0 0 4 3 2 0 0 0 2 0 0 0 0 6 6 3 4 7 7 0 0 0 0 2 0 0 0 1 5 3 0 0 4 3
0 7 0 0 0 1 5 2 0 0 3 0 0 0 0 0 0 0 0 0 0 0 0 0 0 4 0 0 5 3 4 0 0 0 30 0
0 7 0 0 0 0 0 0 0 4 3 0 0 5 3 0 0 6 8 0 0 3 2 0 0 7 7 0 0 0 0 0 0 0 30 0
0 2 2 0 0 0 5 0 0 0 0 0 0 0 0 0 2 0 0 8 0 0 0 0 0 0 0 0 0 2 0 0 0 1 3 0
0 0 0 0 5 0 6 0 0 6 0 0 0 0 0 0 1 0 0 2 0 0 0 0 0 0 7 0 0 4 0 3 0 0 0 0
30 0 0 0 30 0 3 0 0 3 1 2 5 1 0 0 0 0 0 0 0 0 6 6 4 7 4 0 0 2 0 2 0 0 0 30