20 17
0 20 20 2 20 2 0 3 4 0 4 0 1 2 1 0 1
0 2 0 0 0 2 0 4 0 4 1 4 0 2 0 2 17
0 20 0 0 0 20 0 0 0 0 0 0 0 0 0 0 0
0 2 0 0 20 2 0 10 10 10 0 0 1 0 17 7 17
0 0 0 2 0 0 0 10 0 10 0 1 11 0 0 0 7
0 0 2 0 0 2 0 10 0 10 0 0 1 0 0 17 17
0 20 20 2 20 2 0 10 10 10 0 1 11 11 0 7 0
0 0 0 0 0 0 0 0 0 0 0 0 0 0 0 0 0
2 5 0 0 0 2 20 0 0 11 17 0 17 17 0 0 2
0 0 20 0 1 0 0 2 0 11 0 1 0 2 5 0 3
0 0 20 17 0 0 0 0 5 0 0 17 0 17 0 3 0
0 0 20 1 0 0 0 4 3 0 17 0 2 0 5 0 6
0 20 0 2 0 0 7 0 0 7 0 0 0 0 0 0 0
20 0 0 0 2 17 0 0 0 0 0 17 7 17 7 7 0
0 0 0 0 0 7 0 0 0 0 0 7 0 0 0 17 0
2 2 20 0 10 2 10 0 0 11 0 17 0 17 17 7 0
0 0 20 0 10 0 10 0 11 1 0 0 0 7 7 0 0
20 2 2 0 10 0 10 0 0 11 0 0 7 7 0 0 0
2 0 0 0 10 0 10 0 0 1 0 0 17 17 0 7 7
2 20 2 0 10 2 10 0 11 11 11 0 0 17 0 6 1