12 25
0 0 0 6 5 2 0 0 0 0 0 0 3 3 5 0 0 0 0 5 6 6 0 0 0
0 1 2 5 0 0 0 0 5 8 4 0 0 0 0 0 0 7 6 6 0 0 0 0 2
0 0 0 0 0 0 3 6 8 0 0 0 0 8 7 7 0 0 0 0 0 0 2 4 6
0 0 5 5 1 0 0 0 0 0 0 6 5 1 0 0 0 0 4 4 3 0 0 0 0
6 5 6 0 0 0 0 6 8 1 0 0 0 0 0 0 6 6 2 0 0 0 0 3 4
0 0 0 0 0 3 3 6 0 0 0 0 5 1 6 0 0 0 0 0 0 1 2 4 0
0 4 4 6 0 0 0 0 0 0 5 6 5 0 0 0 0 6 2 1 0 0 0 0 0
4 2 0 0 0 0 3 1 2 0 0 0 0 0 0 2 7 5 0 0 0 0 3 5 1
0 0 0 0 4 1 2 0 0 0 0 2 4 2 0 0 0 0 0 0 4 5 5 0 0
3 2 6 0 0 0 0 0 0 1 2 4 0 0 0 0 5 6 4 0 0 0 0 0 0
6 0 0 0 0 3 3 3 0 0 0 0 0 0 6 5 3 0 0 0 0 4 5 2 0
0 0 0 6 4 5 0 0 0 0 1 4 1 0 0 0 0 0 0 1 3 4 0 0 0