16 17
4 0 0 0 4 0 0 0 6 0 0 0 3 0 0 0 3
0 1 4 6 0 4 1 4 0 1 6 4 0 6 6 6 0
0 4 6 6 0 1 6 1 0 4 2 4 0 6 1 6 0
3 0 0 0 2 0 0 0 6 0 0 0 6 0 0 0 6
3 0 0 0 2 0 0 0 6 0 0 0 6 0 0 0 6
0 4 4 6 0 1 6 3 0 6 4 1 0 6 2 2 0
0 1 5 2 0 6 4 6 0 6 1 6 0 1 6 6 0
5 0 0 0 4 0 0 0 6 0 0 0 2 0 0 0 6
2 0 0 0 6 0 0 0 6 0 0 0 2 0 0 0 6
0 5 6 1 0 6 1 6 0 3 3 6 0 6 3 1 0
0 6 6 3 0 3 6 3 0 2 1 6 0 1 3 6 0
5 0 0 0 6 0 0 0 3 0 0 0 6 0 0 0 3
6 0 0 0 5 0 0 0 6 0 0 0 3 0 0 0 4
0 6 6 3 0 2 6 1 0 6 3 6 0 6 6 6 0
0 1 4 3 0 5 5 3 0 6 3 6 0 1 6 2 0
4 0 0 0 3 0 0 0 6 0 0 0 6 0 0 0 4