17 17
0 4 2 4 4 0 5 5 5 4 5 0 8 8 8 8 0
2 4 0 0 4 0 4 0 0 0 5 0 2 0 0 2 2
2 0 0 0 2 0 5 0 0 0 4 0 8 0 0 0 8
4 0 0 0 2 0 5 0 0 0 5 0 8 0 0 0 2
4 2 4 2 4 0 4 5 5 4 5 0 2 8 8 8 8
0 0 0 0 0 0 0 0 0 0 0 0 0 0 0 0 0
5 5 5 15 15 0 4 4 5 5 5 0 5 8 8 8 5
15 0 0 0 5 0 4 0 4 0 5 0 5 0 0 0 8
5 0 0 0 15 0 4 0 0 0 4 0 8 0 0 0 5
5 0 0 0 15 0 5 0 5 0 5 0 8 0 0 0 8
15 15 15 15 15 0 4 4 5 4 5 0 8 8 5 5 8
0 0 0 0 0 0 0 0 0 0 0 0 0 0 0 0 0
8 15 15 15 15 0 4 4 8 4 8 0 8 8 8 3 3
8 0 0 0 8 0 8 0 0 0 8 0 3 0 0 0 8
15 0 0 0 15 0 8 0 0 0 4 0 8 0 0 0 8
15 8 0 0 15 0 8 0 0 0 4 0 3 0 0 3 8
0 15 15 15 15 0 8 8 4 8 4 0 3 3 8 3 0